Time:                Speed(Knots):        Altitude(Feet):      Pressure(psi):       Temperature(F):      Pitch():             
2009:20:06:45:40     1.1190122563654592   54.55060372117071    3252078.2697804593   -160.61882617601336  0.9736472878782987   
2009:20:06:45:40     4.652198581318934    128.47394349357887   -12841.855813827862  -158.40229245955425  1.242825884685106    
2009:20:06:45:40     18.960816252236445   3749.7282150485976   3368538.4968499225   -149.08671650850854  1.5748229022296667   
2009:20:06:45:41     45.772979022202676   4046.4724266055628   52.16712624785291    -145.646416645051    2.649438069516852    
2009:20:06:45:41     4.222954543718349    2073.993778442118    -13183.813544125034  -172.2220305190409   0.22358341109062208  
2009:20:06:45:41     100.6623277478219    4870.07182807585     52.379406117992744   -132.78587996274692  3.441883646677202    
2009:20:06:45:41     22.854605181860556   3137.6415837816253   -13306.579319184946  -171.63679317948973  0.43481716257134373  
2009:20:06:45:41     124.00145466679413   5125.056802607985    52.57850935099007    -130.43103027097467  3.998907393362572    
2009:20:06:45:41     52.05127635641404    12677.228062323698   52.961788093246476   -169.9816167321392   0.6882992716203629   
2009:20:06:45:41     143.80226874722635   5261.903700476023    -13714.832657612875  -123.76936018948305  4.036210975206977    
2009:20:06:45:41     116.610440549064     13020.502475414653   -13555.22644876458   -168.6611582408563   2.039667561615488    
2009:20:06:45:42     189.0717479909927    5459.779487313698    -13862.171850927323  -122.65868667697382  4.235270901385135    
2009:20:06:45:42     130.07751021896618   14156.238064721949   53.308847941206935   -160.44901589667478  2.1347023498961004   
2009:20:06:45:42     206.60633047622156   9974.149753385931    -13927.195691635574  -106.35728340422338  5.438326350174361    
2009:20:06:45:42     144.07190038385176   19827.381225138262   -13645.750413666885  -160.25927587895617  2.3345693239771204   
2009:20:06:45:42     215.42672130055328   10143.504438016438   56.079813876986904   -101.96995363805513  5.7059708225850825   
2009:20:06:45:42     174.15900848588595   20027.83554452563    54.162935745138974   -151.4995102575166   2.6960209431410753   
2009:20:06:45:42     221.04220445197709   10151.139249403584   56.105408899811415   -97.41996193739021   6.058681819630318    
2009:20:06:45:42     182.4377383256548    22318.356192690648   3598494.3270522486   -147.66248406647196  2.8196013380919926   
2009:20:06:45:43     224.18686232212147   15266.076541955354   56.13945688052513    -95.6590528423697    6.457454165068743    
2009:20:06:45:43     194.3636025084101    27950.98021853547    -14201.64241637522   -144.41898828980976  3.2295944276018673   
2009:20:06:45:43     242.4908470663648    15521.863200748909   56.29856060988425    -79.74885013995296   6.728430844101263    
2009:20:06:45:43     212.12245075042557   31559.330274109932   -14273.704323981317  -143.12357260901754  4.601247915150419    
2009:20:06:45:43     304.441287244163     18484.51848016739    56.776773345149635   -70.15093152727798   7.218509044024179    
2009:20:06:45:43     232.1536329934648    33130.636289146794   56.26568772252982    -141.49112563404213  5.329016959228161    
2009:20:06:45:43     311.2647417419112    22638.779461488644   56.94926640096409    -62.1532253204995    7.447036812623676    
2009:20:06:45:43     234.1138751764956    33251.08442556194    56.346021686799475   -141.06335023730384  5.344820778859227    
2009:20:06:45:44     311.7236292740427    25684.07776176873    56.972441304922185   -54.71926021351405   8.438506557560121    
2009:20:06:45:44     252.03490209336908   40161.45846794492    56.63027805239085    -140.73643057653356  5.4406229635698855   
2009:20:06:45:44     361.79438166797394   26846.384396001587   56.994604098622446   -53.572921405352616  8.75576513912062     
2009:20:06:45:44     258.6389430303668    43908.52238888279    56.73995568093115    -139.91837525420073  5.98763184924419     
2009:20:06:45:44     364.48253857842604   26969.571015277994   58.51654242372217    -52.420272759571816  9.562549353677808    
2009:20:06:45:44     320.60821224578905   45176.363683871175   59.374582200684145   -130.49728865922913  6.4089725452172175   
2009:20:06:45:44     411.1196215868772    29585.403230235574   58.79048287708355    -45.39895477482155   9.599097999967087    
2009:20:06:45:44     356.09949436470123   45760.19096713836    60.85111253093301    -126.54387799098947  6.7567007447449035   
2009:20:06:45:45     440.54970716607056   29710.04458657994    58.9296507399395     -37.39727781353652   9.871728625262943    
2009:20:06:45:45     391.97626485587324   47068.035800491336   62.195454918261284   -123.19309170506381  7.779806930441979    
2009:20:06:45:45     448.48448911406666   30682.789066638692   59.535253465075044   -33.897882180191175  9.906573608334124    
2009:20:06:45:45     394.60023308017054   48961.5786252932     62.978662975740065   -122.56302163615311  8.573306033720662    
2009:20:06:45:45     473.8583995905253    31048.345724404924   59.890451815405314   -32.317192111427204  10.376227895092194   
2009:20:06:45:45     419.7739867603485    49817.338595193614   63.491485330666734   -116.11508206502373  8.707860774448017    
2009:20:06:45:45     481.5922640395135    32047.644706906598   60.73087663470034    -24.75952312139472   10.671486892058123   
2009:20:06:45:45     458.2554339190592    52310.07114828422    64.79866369402897    -109.33270772609416  8.934556369305714    
2009:20:06:45:46     484.3205261570196    32815.950474895726   60.78193463275316    -18.32103077377161   11.06845452388825    
2009:20:06:45:46     468.9116536797704    53037.61000546372    65.70430910621039    -104.38498162924444  9.22266631702776     
2009:20:06:45:46     487.71023308904137   35239.18632202697    60.96974096891694    -14.075716893102708  11.2744791431189     
2009:20:06:45:46     487.2721386060583    56093.42031160264    66.13110561164758    -103.36197721776509  9.518344680812096    
2009:20:06:45:46     487.7999482292831    36030.28675724108    61.900397419319965   -12.097965805067432  11.39722699871898    
2009:20:06:45:46     501.71567486985793   60593.09403375519    67.77097586676328    -100.22490097791456  10.0788964874587     
2009:20:06:45:46     489.5408506167892    37728.41230950864    62.289430494200104   -6.039876187239315   11.746326335931801   
2009:20:06:45:46     510.214266624697     63399.92492080785    68.203251692176      -98.44621245955116   10.475012766480429   
2009:20:06:45:47     506.762315430329     40303.80924855789    62.316248891914896   -4.119111767266489   11.81875386513591    
2009:20:06:45:47     519.5385106251264    66818.42650636211    68.42243058609031    -92.4532046804031    10.73866430416669    
2009:20:06:45:47     507.8199990328625    43326.876844570885   62.52981868171914    -1.620864311012312   11.847556159583593   
2009:20:06:45:47     520.2307392162414    67381.28187216124    68.442148414114      -91.0460662659053    11.343846189839413   
2009:20:06:45:47     521.2036799751518    43959.152872076476   62.736611035577596   -0.7069726665967266  12.08791446568609    
2009:20:06:45:47     545.95409190409      69778.48498382047    68.94901489132077    -82.49981230201962   11.487744169219194   
2009:20:06:45:47     588.6587593765523    45358.911125414605   63.445339467587125   1.7248885335501427   12.128907641567588   
2009:20:06:45:47     546.3838514138224    70489.96039116582    69.4730842096769     -75.48273508438797   12.40873182448744    
2009:20:06:45:48     606.6870657974608    48559.58190992862    65.81323586342891    2.0364919244110666   12.692228877694756   
2009:20:06:45:48     564.0448504035231    71744.79088710604    69.53432612942679    -64.2335507790066    12.793570785501384   
2009:20:06:45:48     607.9578879159947    51368.10910382872    65.82138587723941    8.576072461805012    12.743606324489143   
2009:20:06:45:48     630.9980224300891    72153.99265169777    69.6135488450722     -56.59402501365929   13.388950861446258   
2009:20:06:45:48     634.0538218063697    51829.16856214105    67.0926245697201     8.88403900999603     13.279377702611972   
2009:20:06:45:48     653.0369671373015    74133.08309043766    71.19311003592865    -54.775177870710564  13.960337216889119   
2009:20:06:45:48     639.2394437128108    52287.704085405625   67.30402474062869    11.789805595578173   13.388537402970535   
2009:20:06:45:48     677.5335607342475    76846.0328260095     72.18628653607229    -48.543346487984024  15.253290185859935   
2009:20:06:45:49     650.778196183262     55261.290128199806   68.77500359318       19.40305134627839    13.789242160135107   
2009:20:06:45:49     683.3367790343378    79425.20865446124    73.02414283797742    -46.403946563233006  15.505128106977594   
2009:20:06:45:49     688.8955352883152    58460.372610911196   69.39847148140555    29.788703799581526   14.165161825940597   
2009:20:06:45:49     687.8485104171916    79677.23668202553    73.02827811803914    -41.67008950122835   15.63759117926925    
2009:20:06:45:49     730.823481136142     62299.54005598118    69.42185694937208    37.19534199812773    14.519580819809475   
2009:20:06:45:49     715.2408382786448    81017.55119639578    74.2155480056339     -38.400477417845906  15.724353691119008   
2009:20:06:45:49     768.2684747593449    68663.62113694788    69.6656995967737     37.834808645111615   15.073632624079124   
2009:20:06:45:49     726.9063232388755    82598.91546369165    74.80749010014942    -36.940909209677926  15.775030759730313   
2009:20:06:45:50     770.2290763256077    69367.98477495609    71.39101148035509    50.62215187649104    16.142733162945312   
2009:20:06:45:50     739.7053843492281    86367.35010168029    74.84869127977856    -33.77130597220696   15.961239970150942   
2009:20:06:45:50     809.3159500623759    71187.98145522206    71.51886752994274    50.64123890495891    16.482040260165075   
2009:20:06:45:50     744.0086748143524    86694.57223061343    75.14350126571645    -24.4036461698623    16.351629630759      
2009:20:06:45:50     837.7817503374669    72942.91336168935    71.53277946631343    51.064625616535174   16.618197999184037   
2009:20:06:45:50     747.7322896731172    86825.34009492153    75.25289338539021    -7.12771106390484    17.074472600210576   
2009:20:06:45:50     845.8391603847534    79463.47467078952    72.21322928761653    62.35055128171575    16.964642691959455   
2009:20:06:45:50     779.1443019501993    86996.45025361686    75.77634534220002    -6.826590722866982   17.150486603635695   
2009:20:06:45:51     863.0379014801098    79907.74407579322    72.83606402856746    62.84524074880994    17.192631741138285   
2009:20:06:45:51     805.5828477178269    87649.42904360702    76.08581754330768    -2.898325685274827   17.1861401766227     
2009:20:06:45:51     870.0447593510073    82572.41210838986    74.02411433000356    63.187357993480035   17.36194106276384    
2009:20:06:45:51     808.5495300101333    88167.5953159239     76.33020254969037    6.122549453661321    17.404589684292336   
2009:20:06:45:51     885.3014692433529    83514.35198509876    74.71672721764189    63.82482042981037    17.49342287306378    
2009:20:06:45:51     812.9599343684986    89464.99362658878    77.00827749295591    20.204109518273384   17.409527553427782   
2009:20:06:45:51     902.8344750775351    88658.5666580204     77.77517059035065    65.8838189334861     17.536931535631993   
2009:20:06:45:51     837.4541127394307    90999.80410300664    77.282849279523      25.930411138685926   17.476142296530238   
2009:20:06:45:52     910.1728760360548    90034.68660340342    78.11573656629656    66.6256794623785     18.699431670809208   
2009:20:06:45:52     854.8512566180148    94503.71035158247    78.50408980737188    26.43154693715435    17.48090428635135    
2009:20:06:45:52     955.9625494024432    93760.9169838217     78.43849477050746    75.67881514126606    18.895321648069974   
2009:20:06:45:52     885.4277934317588    94579.6063586699     78.7776042850441     40.609404838195125   18.05517376569109    
